1|1.  |
1|2.  |
1| |
1| |
1| |
2|1. |
2|2. |
2| |
2| |
2| |
3|1. |
3|2. |
3| |
3| |
3| |
4|1. |
4|2. |
4| |
4| |
4| |
5|1.     () |
5|2.    |
5|3.,    |
5|4.   |
5| |
6|1. 1000 . |
6|2. 1000  10 000 .|
6|3. 10 000  30 000 . |
6|4. 30 000  70 000 . |
6|5.  |
7|1. 1000 . |
7|2. 1000  10 000 . |
7|3. 10 000  30 000 . |
7|4.  |
7| |
8|1. |
8|2. |
8| |
8| |
8| |
9|1. |
9|2. |
9| |
9| |
9| |
10|1. |
10|2. |
10| |
10| |
10| |
11|1. |
11|2. |
11| |
11| |
11| |
12|1. |
12|2. |
12| |
12| |
12| |
13|1. |
13|2. |
13| |
13| |
13| |
14|1. |
14|2. |
14| |
14| |
14| |
15|1.     |
15|2.  ,     |
15|3.   ,   |
15| |
15| |
16|1. |
16|2. |
16| |
16| |
16| |
17|1. |
17|2. |
17| |
17| |
17| |